{
  "\n": 1.741573,
  "'": 0.2247191,
  ",": 2.1348314,
  ".": 0.4494382,
  ";": 0.505618,
  "A": 1.6853932,
  "B": 5,
  "C": 5.674157,
  "D": 0.33707866,
  "E": 0.8426966,
  "F": 1.011236,
  "G": 2.9213483,
  "H": 1.3483146,
  "I": 1.5730336,
  "J": 7.3033705,
  "K": 0.16853933,
  "L": 1.5730336,
  "M": 6.853933,
  "N": 3.988764,
  "O": 0.33707866,
  "P": 6.2921343,
  "Q": 0.7303371,
  "R": 5.1123595,
  "S": 0.056179777,
  "T": 7.359551,
  "U": 1.4606742,
  "V": 3.7640448,
  "W": 2.247191,
  "X": 9.438203,
  "Y": 1.7977529,
  "Z": 0.056179777
}
